900000000000000000000000000000
000000000000000000000000010000
000000000000000000000000000000
000000000000000000000000000000
000000000000000000000000050000
000000000000000000000000000000
000000000000000000000000000000
000000001000000000000000000000
000000000000000000000000000000
000000000000000000000000000000
000000030000000000000000000000
000000000000000000009000000500
000000000000000000000000000000
000500000000000000000000000000
000000000000000000000000000000
000000030000000000000500000000
000000000000000000000000000000
000000000000000000009000000000
000500000005000000000000000000
000000000000000000000000000000