900000000000000000000000000000
000000000000000000000000000000
000000000000000000000600000000
000000000000000000000000000000
000000000000400000000000000000
000000000000000000000000000000
000000000000000000000000000000
000000001000000000000000000000
000000000000000000000000000000
000000000000000000000000000000
000000030000000000000000000000
000000000000000000008000000000
000000000000000000000000000000
000500000000020000000000000000
000000000000000000000000000000
000000030000000000000000000000
000000000000000000008000000000
000000000000000000000000000000
000500000000020000000000000000
000000000000000000000000000000